,X,y
0,1983.0,1639.9247475609923
1,1984.0,1655.4999768081464
2,1985.0,1666.313414193851
3,1986.0,1679.2229662926848
4,1987.0,1690.7770017632945
5,1988.0,1702.1974296171381
6,1989.0,1713.1784340383647
7,1990.0,1723.2110734637954
8,1991.0,1737.1585296795743
9,1992.0,1738.845784872418
10,1993.0,1744.9262838582467
11,1994.0,1751.7819210185032
12,1995.0,1754.8952831152935
13,1996.0,1758.3961425979135
14,1997.0,1763.0751213864921
15,1998.0,1772.5850004686467
16,1999.0,1775.5308862133509
17,2000.0,1774.8067148170085
18,2001.0,1775.8175086010222
19,2002.0,1779.022043422857
20,2003.0,1782.2313889509703
21,2004.0,1779.214141488559
22,2005.0,1781.158367640305
23,2006.0,1781.8281028171496
24,2007.0,1788.5722733882405
25,2008.0,1795.6345234503456
26,2009.0,1796.9745719611462
27,2010.0,1803.3404949530209
28,2011.0,1809.5860521375441
29,2012.0,1814.8094206880353
30,2013.0,1820.4019417846973
31,2014.0,1832.696238321482
32,2015.0,1843.3152828452876
33,2016.0,1850.496406532121
34,2017.0,1857.4193841168292
35,2018.0,1867.050381978042
36,2019.0,1876.4982086331447
37,2020.0,1891.78835124287
38,2021.0,1908.0036069120679
39,2022.0,1910.1211966560181
40,2023.0,1923.6164517137267
41,2024.0,1933.9665260839295
42,2025.0,1943.8500472693622
43,2026.0,1953.1455428717134
44,2027.0,1961.7409179985425
45,2028.0,1969.5354752560957
46,2029.0,1976.4416006097113
47,2030.0,1982.3860903802438
48,2031.0,1987.3111049401184
49,2032.0,1991.1747453782318
50,2033.0,1993.9512595832841
51,2034.0,1995.6308935671111
52,2035.0,1996.2194121741713
53,2036.0,1995.737320413977
54,2037.0,1994.2188223750798
55,2038.0,1991.7105589540975
56,2039.0,1988.2701684356718
57,2040.0,1983.9647153140984
58,2041.0,1978.8690327265538
59,2042.0,1973.0640225802372
60,2043.0,1966.634955046209
61,2044.0,1959.6698057267097
62,2045.0,1952.257664665955
63,2046.0,1944.4872466587449
64,2047.0,1936.4455272108466
65,2048.0,1928.216523208325
66,2049.0,1919.8802320361447
67,2050.0,1911.5117377094773
68,2051.0,1903.1804876830622
69,2052.0,1894.9497395013848
70,2053.0,1886.8761724357387
71,2054.0,1879.009655790246
72,2055.0,1871.3931626881408
73,2056.0,1864.0628158901786
74,2057.0,1857.0480505455175
75,2058.0,1850.3718777091942
76,2059.0,1844.051231941682
77,2060.0,1838.0973862843082
78,2061.0,1832.5164183195182
79,2062.0,1827.3097118112282
80,2063.0,1822.4744795086233
81,2064.0,1818.004294017085
82,2065.0,1813.8896151249744
83,2066.0,1810.1183035611145
84,2067.0,1806.6761127867642
85,2068.0,1803.547152046478
86,2069.0,1800.7143154702264
87,2070.0,1798.1596734986445
88,2071.0,1795.864824265825
89,2072.0,1793.8112037992348
