,X,y
0,1958.0,314.667962432023
1,1959.0,315.54488373581654
2,1960.0,316.23926726321224
3,1961.0,316.99349329615507
4,1962.0,317.6465294890742
5,1963.0,318.27831394159847
6,1964.0,318.81045872867435
7,1965.0,319.59415864793453
8,1966.0,320.9011652360473
9,1967.0,321.91016315837896
10,1968.0,322.92825047746715
11,1969.0,324.09276672809006
12,1970.0,325.1492228983282
13,1971.0,326.146872224637
14,1972.0,327.47183251051223
15,1973.0,328.55821292236476
16,1974.0,329.56531587026666
17,1975.0,330.65391585801035
18,1976.0,331.7946285844863
19,1977.0,333.511407494907
20,1978.0,334.95556094079774
21,1979.0,336.7208108223621
22,1980.0,338.25861493691866
23,1981.0,339.85958691242047
24,1982.0,341.0805739086227
25,1983.0,343.0747223846904
26,1984.0,344.75987093877666
27,1985.0,346.12116403851246
28,1986.0,347.6455909120437
29,1987.0,349.4167469874024
30,1988.0,351.4504144277459
31,1989.0,352.86744431107945
32,1990.0,354.24604626659686
33,1991.0,355.15693739140863
34,1992.0,355.8856178317334
35,1993.0,357.15623755186067
36,1994.0,358.95959218286816
37,1995.0,360.7502496502107
38,1996.0,362.551932604828
39,1997.0,364.6197290037181
40,1998.0,366.9511206354096
41,1999.0,368.29530004747323
42,2000.0,369.9257190759286
43,2001.0,371.6155014654789
44,2002.0,373.8769725360774
45,2003.0,376.0260321684188
46,2004.0,377.8570467072765
47,2005.0,380.2175707916759
48,2006.0,382.0627850134685
49,2007.0,384.0946095050028
50,2008.0,385.8356343976052
51,2009.0,387.7326722419524
52,2010.0,389.9529797613546
53,2011.0,392.09810640553565
54,2012.0,394.52550019659566
55,2013.0,396.97778474468043
56,2014.0,399.2597863531722
57,2015.0,402.020027019937
58,2016.0,404.5679535905532
59,2017.0,406.9776857453917
60,2018.0,409.3233561849343
61,2019.0,411.9037210349174
62,2020.0,414.3203986244711
63,2021.0,416.8846089565219
64,2022.0,420.02069971972116
65,2023.0,422.5432058864083
66,2024.0,425.17765067244426
67,2025.0,427.69771812889593
68,2026.0,430.1452123381139
69,2027.0,432.58624222327427
70,2028.0,435.07428566182574
71,2029.0,437.63323698152254
72,2030.0,440.26160699094146
73,2031.0,442.9458585927481
74,2032.0,445.6715785093139
75,2033.0,448.42846618115925
76,2034.0,451.2106608112317
77,2035.0,454.0152711659272
78,2036.0,456.84092295332255
79,2037.0,459.68687104384367
80,2038.0,462.552585403069
81,2039.0,465.4375937298987
82,2040.0,468.34143126866104
83,2041.0,471.2636271996682
84,2042.0,474.20370153163805
85,2043.0,477.16116457642494
86,2044.0,480.135516975374
87,2045.0,483.1262498326278
88,2046.0,486.1328448680564
89,2047.0,489.1547745796174
90,2048.0,492.1915024107619
91,2049.0,495.24248292388904
92,2050.0,498.30716197754737
93,2051.0,501.3849769104454
94,2052.0,504.4753567282134
95,2053.0,507.57772229652
96,2054.0,510.6914865413461
97,2055.0,513.8160546482515
98,2056.0,516.9508242711456
99,2057.0,520.0951857426815
100,2058.0,523.2485222919428
101,2059.0,526.4102102628633
102,2060.0,529.5796193410849
103,2061.0,532.7561127785608
104,2062.0,535.9390476289032
105,2063.0,539.1277749828575
106,2064.0,542.3216402076453
107,2065.0,545.5199831898614
108,2066.0,548.722138583139
109,2067.0,551.9274360572855
110,2068.0,555.1352005520253
111,2069.0,558.3447525327201
112,2070.0,561.5554082480046
113,2071.0,564.7664799946403
114,2072.0,567.9772763787386
