,X,y
0,2001.0,316.82825075761156
1,2002.0,317.2988255330366
2,2003.0,318.0890140763801
3,2004.0,318.79809958439483
4,2005.0,319.57526846340124
5,2006.0,320.3196131421699
6,2007.0,321.18013553146784
7,2008.0,322.005751113337
8,2009.0,322.8452936375445
9,2010.0,323.8475203973715
10,2011.0,324.76111805166255
11,2012.0,325.58470895521265
12,2013.0,326.5668579549188
13,2014.0,327.7560796049832
14,2015.0,328.7008457505659
15,2016.0,329.4995934259698
16,2017.0,330.45073301057585
17,2018.0,331.65265658338535
18,2019.0,332.50374641525167
19,2020.0,333.70238353663905
20,2021.0,334.84695631809564
21,2022.0,335.38586900059425
22,2023.0,336.5351002267241
23,2024.0,337.48092143601934
24,2025.0,338.40620483867224
25,2026.0,339.30805017097174
26,2027.0,340.18366844566486
27,2028.0,341.0303959083811
28,2029.0,341.8457071052768
29,2030.0,342.62722697465534
30,2031.0,343.3727418841942
31,2032.0,344.08020954497067
32,2033.0,344.74776774353757
33,2034.0,345.37374184377313
34,2035.0,345.95665102101253
35,2036.0,346.4952132019602
36,2037.0,346.9883486949143
37,2038.0,347.43518250584464
38,2039.0,347.83504534673517
39,2040.0,348.18747335320415
40,2041.0,348.49220653863847
41,2042.0,348.7491860218801
42,2043.0,348.95855007470755
43,2044.0,349.12062904401785
44,2045.0,349.23593921142464
45,2046.0,349.30517566021
46,2047.0,349.32920422584954
47,2048.0,349.30905261174735
48,2049.0,349.245900756469
49,2050.0,349.1410705423097
50,2051.0,348.996014937821
51,2052.0,348.8123066686949
52,2053.0,348.5916265122747
53,2054.0,348.33575131096353
54,2055.0,348.0465417989216
55,2056.0,347.72593033472646
56,2057.0,347.37590863018517
57,2058.0,346.99851556228765
58,2059.0,346.59582515137146
59,2060.0,346.1699347841126
60,2061.0,345.722953754897
61,2062.0,345.25699219365066
62,2063.0,344.77415044231054
63,2064.0,344.27650893592215
64,2065.0,343.7661186378945
65,2066.0,343.244992072335
66,2067.0,342.7150949896978
67,2068.0,342.1783386952226
68,2069.0,341.63657306298916
69,2070.0,341.09158025182984
70,2071.0,340.5450691329482
71,2072.0,339.9986704329138
