,X,y
0,1881.0,-0.20595277362264142
1,1882.0,-0.21033753659730792
2,1883.0,-0.21454747953367814
3,1884.0,-0.2185826024320363
4,1885.0,-0.22244290529226873
5,1886.0,-0.22612838811431857
6,1887.0,-0.22963905089818581
7,1888.0,-0.23297489364398416
8,1889.0,-0.23613591635165676
9,1890.0,-0.23912211902120362
10,1891.0,-0.24193350165251104
11,1892.0,-0.24457006424574956
12,1893.0,-0.24703180680091918
13,1894.0,-0.24931872931779253
14,1895.0,-0.2514308317966538
15,1896.0,-0.25336811423738936
16,1897.0,-0.2551305766399423
17,1898.0,-0.2567182190043127
18,1899.0,-0.25813104133061415
19,1900.0,-0.2593690436187899
20,1901.0,-0.26043222586883985
21,1902.0,-0.26132058808059355
22,1903.0,-0.26203413025439204
23,1904.0,-0.26257285239000794
24,1905.0,-0.2629367544874981
25,1906.0,-0.2631258365467488
26,1907.0,-0.2631400985679875
27,1908.0,-0.2629795405511004
28,1909.0,-0.26264416249603073
29,1910.0,-0.26213396440272163
30,1911.0,-0.2614489462714005
31,1912.0,-0.26058910810195357
32,1913.0,-0.25955444989426724
33,1914.0,-0.258344971648512
34,1915.0,-0.256960673364631
35,1916.0,-0.25540155504268114
36,1917.0,-0.25366761668237814
37,1918.0,-0.2517588582841199
38,1919.0,-0.24967527984773596
39,1920.0,-0.24741688137316942
40,1921.0,-0.24498366286036344
41,1922.0,-0.2423756243095454
42,1923.0,-0.23959276572060162
43,1924.0,-0.2366350870935321
44,1925.0,-0.2335025884281663
45,1926.0,-0.23019526972478843
46,1927.0,-0.22671313098328483
47,1928.0,-0.22305617220365548
48,1929.0,-0.2192243933857867
49,1930.0,-0.21521779452984902
50,1931.0,-0.21103637563584243
51,1932.0,-0.20668013670353957
52,1933.0,-0.20214907773322466
53,1934.0,-0.19744319872472715
54,1935.0,-0.19256249967816075
55,1936.0,-0.18750698059329807
56,1937.0,-0.18227664147042333
57,1938.0,-0.17687148230942284
58,1939.0,-0.17129150311029662
59,1940.0,-0.16553670387293096
60,1941.0,-0.1596070845974964
61,1942.0,-0.15350264528399293
62,1943.0,-0.14722338593230688
63,1944.0,-0.1407693065423814
64,1945.0,-0.13414040711438702
65,1946.0,-0.12733668764832373
66,1947.0,-0.12035814814407786
67,1948.0,-0.11320478860159255
68,1949.0,-0.10587660902109519
69,1950.0,-0.09837360940247208
70,1951.0,-0.09069578974560955
71,1952.0,-0.0828431500506781
72,1953.0,-0.07481569031762092
73,1954.0,-0.06661341054643799
74,1955.0,-0.05823631073701563
75,1956.0,-0.04968439088958121
76,1957.0,-0.0409576510039642
77,1958.0,-0.03205609108027829
78,1959.0,-0.02297971111829611
79,1960.0,-0.013728511118301867
80,1961.0,-0.004302491080125037
81,1962.0,0.005298348996120694
82,1963.0,0.0150740091106627
83,1964.0,0.025024489263216765
84,1965.0,0.035149789453896574
85,1966.0,0.04544990968270213
86,1967.0,0.05592484994974711
87,1968.0,0.066574610254861
88,1969.0,0.07739919059804379
89,1970.0,0.08839859097952285
90,1971.0,0.09957281139907082
91,1972.0,0.11092185185668768
92,1973.0,0.12244571235243029
93,1974.0,0.13414439288646918
94,1975.0,0.14601789345852012
95,1976.0,0.1580662140686968
96,1977.0,0.17028935471699924
97,1978.0,0.18268731540359795
98,1979.0,0.19526009612815187
99,1980.0,0.20800769689088838
100,1981.0,0.22093011769175064
101,1982.0,0.23402735853085233
102,1983.0,0.24729941940796607
103,1984.0,0.2607463003232624
104,1985.0,0.2743680012766845
105,1986.0,0.288164522268346
106,1987.0,0.30213586329801956
107,1988.0,0.31628202436581887
108,1989.0,0.3306030054718576
109,1990.0,0.34509880661596526
110,1991.0,0.35976942779819865
111,1992.0,0.3746148690185578
112,1993.0,0.38963513027715635
113,1994.0,0.4048302115738238
114,1995.0,0.4202001129085602
115,1996.0,0.43574483428147914
116,1997.0,0.45146437569263753
117,1998.0,0.467358737141808
118,1999.0,0.48342791862910417
119,2000.0,0.49967192015458295
120,2001.0,0.5160907417182443
121,2002.0,0.5326843833199746
122,2003.0,0.5494528449598306
123,2004.0,0.5663961266378692
124,2005.0,0.5835142283540904
125,2006.0,0.6008071501083805
126,2007.0,0.6182748919007395
127,2008.0,0.6359174537312811
128,2009.0,0.6537348356001189
129,2010.0,0.671727037506912
130,2011.0,0.6898940594518876
131,2012.0,0.7082359014350459
132,2013.0,0.726752563456273
133,2014.0,0.7454440455156259
134,2015.0,0.7643103476131614
135,2016.0,0.7833514697488795
136,2017.0,0.8025674119226665
137,2018.0,0.8219581741345223
138,2019.0,0.8415237563846176
139,2020.0,0.8612641586728955
140,2021.0,0.8811793809991855
141,2022.0,0.901269423363658
142,2023.0,0.9215342857661994
143,2024.0,0.9419739682070372
144,2025.0,0.9625884706859438
145,2026.0,0.9833777932029193
146,2027.0,1.0043419357580206
147,2028.0,1.025480898351418
148,2029.0,1.0467946809828277
149,2030.0,1.068283283652363
150,2031.0,1.0899467063601378
151,2032.0,1.1117849491059815
152,2033.0,1.133798011889894
153,2034.0,1.1559858947119892
154,2035.0,1.1783485975723238
155,2036.0,1.2008861204706704
156,2037.0,1.2235984634071997
157,2038.0,1.2464856263817978
158,2039.0,1.2695476093946922
159,2040.0,1.2927844124455987
160,2041.0,1.316196035534631
161,2042.0,1.339782478661789
162,2043.0,1.3635437418272431
163,2044.0,1.3874798250306526
164,2045.0,1.4115907282722446
165,2046.0,1.4358764515519624
166,2047.0,1.4603369948699765
167,2048.0,1.4849723582259458
168,2049.0,1.5097825416200976
169,2050.0,1.534767545052432
170,2051.0,1.5599273685228354
171,2052.0,1.5852620120313645
172,2053.0,1.6107714755780762
173,2054.0,1.6364557591629705
174,2055.0,1.6623148627859337
175,2056.0,1.6883487864470226
176,2057.0,1.7145575301462372
177,2058.0,1.7409410938836913
178,2059.0,1.7674994776592143
179,2060.0,1.7942326814728062
180,2061.0,1.8211407053245807
181,2062.0,1.8482235492145946
182,2063.0,1.8754812131426206
183,2064.0,1.9029136971088292
184,2065.0,1.9305210011131066
185,2066.0,1.9583031251556804
186,2067.0,1.9862600692362662
187,2068.0,2.0143918333549777
188,2069.0,2.0426984175119287
189,2070.0,2.0711798217069486
190,2071.0,2.099836045940094
191,2072.0,2.1286670902113087
